[array([[-0.01926479,  0.20611148, -0.78786856,  0.17942046,  1.3232604 ,
        -0.17654726, -0.23223163, -0.07980907,  0.23534028, -0.03128461,
         0.46864977,  0.02653244],
       [-0.15145169,  0.40220743,  0.0405707 , -0.10065852, -0.3286365 ,
         0.09432571,  0.19202965, -0.37503788,  0.06179241,  0.80989414,
        -0.09133023,  0.19617023],
       [ 0.25708416,  0.1601958 , -0.08463254, -0.1618362 ,  0.41723457,
        -0.3208673 ,  0.16392459,  0.1914411 ,  0.3227241 ,  0.09684717,
        -0.11551503,  0.5073036 ],
       [ 0.22081201,  0.2736017 ,  0.15702878, -0.27915365, -0.41079196,
         0.88140374, -0.37407845,  0.34554932,  0.45745817, -0.05193385,
         0.01229777,  0.615207  ],
       [ 0.05811926,  0.04768865, -0.12771036,  0.08634365,  0.2568682 ,
         0.40771738,  0.45496914,  0.110688  , -0.21421228,  0.0295476 ,
        -0.03902651,  0.0798229 ],
       [ 0.23073804,  0.01149191, -0.04421694,  0.13880862, -0.62699556,
         0.26854044, -0.43143263,  0.04226843,  0.10558177,  0.13023186,
        -0.02997983, -0.3819578 ],
       [-0.3215596 , -0.06432156, -0.176801  , -0.04548492,  0.31516075,
         0.00897494,  0.01867999,  0.08061569,  0.7749243 ,  0.10235859,
        -0.07063422, -0.24216554],
       [-0.05629859,  1.1862077 , -0.16352268, -0.20877624,  0.4597546 ,
         0.07106441, -0.309514  ,  0.01831019, -0.1739682 , -0.09809919,
        -0.18859404, -0.08110719],
       [-0.0049417 , -0.00179839,  0.00715407,  0.12987088,  0.43189844,
         0.2199621 , -0.3699913 ,  0.95324373, -0.03620981,  0.54040766,
         0.31652197,  0.47709978],
       [ 0.29831427, -0.09185369,  0.3034729 , -0.1458131 ,  0.639151  ,
         0.3840788 ,  0.22389486, -0.5440032 ,  0.09039709,  0.15210865,
         0.36364326,  0.09471935],
       [ 0.15539122, -0.11494074, -0.22610304, -0.50562954, -0.39154238,
         0.09499912, -0.74746025,  0.27222586,  0.20356496,  0.16123615,
        -0.06450163,  0.19539757],
       [ 0.06409621,  0.26466313,  0.48160645, -0.16998799, -0.6434406 ,
        -0.43632308,  0.17248224,  0.24327074,  0.02238446, -0.373268  ,
         0.49530932, -0.213979  ]], dtype=float32), 
         array([-0.04009279, -0.17479779, -0.33059227,  0.13802288, -0.6636079 ,
        0.05504502, -0.23496966,  0.1646585 , -0.09075356, -0.0916843 ,
       -0.27240774,  0.1963925 ], dtype=float32)]
<keras.layers.core.Dense object at 0x0000018684DEEE10>

[array([[ 0.16276444,  0.24762346,  0.5843337 ,  0.376146  , -0.26786253,
         0.15046056, -0.05066425, -0.6111331 ,  0.65512097, -0.34791446],
       [ 0.11405038,  0.5085265 ,  0.3051382 , -0.28592128, -0.00300489,
        -0.33676392, -0.29080194,  0.14709294,  0.13003641,  0.31219396],
       [ 0.45583618,  0.17692524, -0.0255647 , -0.18896893, -0.3718424 ,
         0.07475416,  0.36873424,  0.1491712 , -0.60435826,  0.04928342],
       [-0.09095952,  0.21019952, -0.48339275, -0.34008592,  0.5831249 ,
         0.30512118,  0.01112287, -0.20600182, -0.17947231, -0.4943702 ],
       [ 0.48016337, -0.0207526 , -0.10740899, -0.2178663 , -0.26405916,
        -0.02118567, -0.23329507,  0.24328606,  0.30675498,  0.22154437],
       [-0.25521132,  0.2059081 , -0.14722082, -0.1921887 , -0.2419396 ,
        -0.00840815, -0.23245203,  0.18993263,  0.15959397, -0.4761838 ],
       [-0.47325137,  0.11619063,  0.10462553,  0.24173477, -0.0820393 ,
        -0.25144705, -0.11356736, -0.31879458,  0.31818312,  0.41627178],
       [ 0.10169333, -0.0123543 , -0.0294014 ,  0.22080386, -0.36388582,
        -0.40227187, -0.6263761 ,  0.9013548 ,  0.20508277,  0.35803697],
       [-0.27953437,  0.10236765, -0.10781354,  0.17421062,  0.12527804,
        -0.3272709 , -0.11434373, -0.75132906,  0.18807231,  0.09544707],
       [ 0.1606247 ,  0.08964   ,  0.2898497 , -0.01101293, -0.47719178,
        -0.8140807 ,  0.00447404,  0.04368132, -0.33056712, -0.2859113 ],
       [ 0.00264577, -0.1637415 , -0.03209576, -0.3568535 , -0.7530712 ,
        -0.58026457,  0.6407175 ,  0.65728605,  0.36498916, -0.275288  ],
       [ 0.5277521 , -0.51743406, -0.18720657,  0.3603647 ,  0.22207806,
         0.46585715,  0.12980136,  0.3665063 , -0.1486226 , -0.00304342]],
      dtype=float32), array([-0.28743637, -0.21724771, -0.23345815, -0.15802549,  0.21387492,
        0.20941047,  0.18187766,  0.0485622 , -0.16038916,  0.38909116],
      dtype=float32)]
<keras.layers.core.Dense object at 0x0000018684E08DA0>

[array([[ 0.4534451 , -0.09760901, -0.9040146 ,  0.2059144 , -0.65529585,
        -0.34632048, -0.24611343],
       [-0.6176278 , -0.06583004,  0.05564416,  0.00693346,  0.22045657,
        -0.10249358, -0.8501585 ],
       [-0.51938   ,  0.6346282 ,  0.13649382, -0.18735662,  0.30445492,
        -0.1767145 , -0.00617536],
       [-0.4565463 ,  0.35699537, -0.03600586, -0.23583046,  0.6691842 ,
         0.05883492,  0.44844487],
       [ 0.08641878,  0.35428277,  0.61695385,  0.6917995 , -0.02841862,
         0.41485226,  0.19533685],
       [-0.12369623,  0.12247772,  0.10642665,  0.405927  , -0.17194812,
         0.71254206,  0.7355539 ],
       [-0.7932186 ,  0.20217343, -0.18998656, -0.2775385 , -0.43093717,
         0.13793139,  0.2747678 ],
       [-0.05520666,  0.37752193, -0.01286186, -0.1561697 ,  0.2106955 ,
         0.67593545, -0.14606589],
       [ 1.2195451 ,  0.20562778,  0.27612123, -0.7921255 , -0.14718758,
        -0.16503946, -0.13223806],
       [ 0.51520824,  0.36874   ,  0.26724312,  0.03898826,  0.33842948,
         0.04111459,  0.8636325 ]], dtype=float32), array([-0.22835103, -0.20930836, -0.15418977,  0.23321618, -0.13836648,
        0.23375691,  0.22326733], dtype=float32)]
<keras.layers.core.Dense object at 0x0000018684E2AD68>

[array([[ 0.02981355,  0.14853483,  0.38149032, -1.0835242 ,  0.37796873],
       [ 0.23486558,  0.09398004,  0.44567975,  0.04215268, -0.528381  ],
       [-0.32160923,  1.0517423 ,  0.769663  , -0.2915479 , -0.01907192],
       [ 0.10970424, -0.726018  , -0.5298907 ,  0.5713232 ,  1.0904177 ],
       [ 0.48168823,  0.43689677, -1.2580298 , -0.42539912, -0.6736065 ],
       [ 0.10460465, -0.49176592,  0.02183209,  0.9357249 ,  0.6897596 ],
       [-0.31549153, -0.39003557,  0.31354547,  0.67509604,  0.20028141]],
      dtype=float32), array([-0.15470396, -0.20085743,  0.14965124,  0.24556097,  0.25429466],
      dtype=float32)]
<keras.layers.core.Dense object at 0x0000018684E49780>

[array([[ 0.2799214 ,  0.0479701 ,  0.18050238,  0.5203388 ],
       [ 0.6293575 ,  1.180612  , -0.13037118,  0.50862074],
       [-0.50197935, -0.04548896, -0.12453643, -0.4164784 ],
       [-0.38772997, -0.80187446,  0.5475215 ,  0.17791818],
       [-0.37745902,  0.0802728 ,  0.59385204, -0.51352906]],
      dtype=float32), array([-0.21033604, -0.12373903,  0.19657947, -0.11318417], dtype=float32)]
<keras.layers.core.Dense object at 0x0000018684E5B8D0>

[array([[-1.4085697 , -1.7229505 , -1.682565  ],
       [-0.64150053, -0.35227093, -0.76967776],
       [ 0.6724464 ,  0.9211332 ,  0.3037621 ],
       [-1.1450975 , -0.31721857, -0.55113775]], dtype=float32), array([0.16145474, 0.17687452, 0.16013587], dtype=float32)]
<keras.layers.core.Dense object at 0x0000018684E67AC8>

[array([[-2.3121154, -1.9269783],
       [-1.5795267, -1.4488733],
       [-2.2454183, -2.5386617]], dtype=float32), array([-0.10606476, -0.12279884], dtype=float32)]
<keras.layers.core.Dense object at 0x0000018684DEEC88>

[array([[-4.082773 ,  5.4272842],
       [-4.703085 ,  5.46924  ]], dtype=float32), 
       array([ 0.11974175, -0.11974127], dtype=float32)]