OrderedDict(
    [('D.0.weight', tensor(
        [[-0.2841, -0.2819, -0.1218,  0.4413,  0.0538,  0.0416, -0.1549,  0.2269,
         -0.7852,  0.0318,  0.0373,  0.0951],
        [ 0.4632, -0.1116,  1.0000, -0.0048,  0.2389,  0.6986, -0.0274,  0.9136,
         -0.3737,  0.0839,  0.1431,  0.0638],
        [ 0.1091, -0.1673,  0.0545,  0.1149,  0.7720, -0.0030,  0.0182,  0.2854,
          0.2528, -0.5329, -0.0506, -0.1934],
        [ 0.2784,  0.0207,  0.6050,  0.2828,  0.0663,  0.0520,  0.9213,  0.2769,
          0.4452, -0.0926,  0.0174,  0.1878],
        [ 0.3913, -0.1490,  0.0444, -0.3604,  0.0042, -1.0720,  0.3073,  0.5549,
         -0.4574,  0.0447,  0.2397,  0.0466],
        [ 0.3022, -0.1209,  0.8527, -0.5412, -0.1365,  0.2547,  0.1434, -0.1010,
          0.6788, -0.3325,  0.0575,  0.3088],
        [ 0.0281,  0.3938,  0.0128,  0.1033, -0.5281,  0.0827,  0.0135,  0.7359,
          0.2013, -0.2126, -0.6576, -0.0330],
        [-0.0932, -0.0793, -0.3494,  0.2213, -0.2960,  0.1227,  0.8624,  0.2065,
          0.6222, -0.1338,  0.7000, -0.0960],
        [ 0.4457,  0.2427, -0.1615,  0.0549,  0.7259,  0.1543,  0.1033,  0.4141,
          0.7651,  0.0736, -0.1359,  0.1717],
        [ 0.3447, -0.5062, -0.0017,  0.3299,  0.1213,  0.0571,  0.0318, -0.0475,
          0.1151,  0.2196, -0.7987,  0.1062],
        [ 0.2628,  0.2759, -0.1285, -0.1711,  0.2812,  0.3168,  0.3435, -0.0973,
         -0.4921,  0.0848, -0.2113, -0.7569],
        [ 0.4488,  0.3756,  0.0184,  0.2572,  0.1095, -0.0342,  0.7828, -0.2039,
         -0.2049, -0.2438,  0.0982,  0.1444]])), 
         ('D.0.bias', tensor(
        [ 0.3559,  0.1362, -0.3115, -0.2435, -0.0846,  0.2622, -0.0667, -0.1453,
        -0.0109, -0.0618,  0.1205, -0.3649])), 

        ('D.1.weight', tensor(
        [[-0.2533,  0.7399,  0.0091,  0.7631,  0.0155,  0.4395, -0.3449, -0.2363,
          0.3126, -0.1431,  0.0852, -0.0455],
        [-0.1093,  0.1638,  0.0147, -0.9338,  0.2683,  0.0238,  0.0182, -0.3570,
          0.4203,  0.0985, -0.0191, -1.0977],
        [ 0.6843,  1.0708, -0.7300, -0.1529, -0.0240,  0.3376, -0.4269, -0.1435,
          0.2775, -0.6690, -0.8852, -0.3974],
        [-0.2933,  0.1596, -0.5607,  0.2349, -0.4764, -0.3198, -0.0935,  0.2931,
          0.3330, -0.1266, -0.1597,  0.5121],
        [ 0.1834,  0.8891, -0.6350, -0.3695,  0.2021,  0.5285, -0.4116, -0.2010,
          0.4641, -0.6922, -0.8135,  1.0328],
        [-1.3970, -0.4301, -0.4885, -0.0403,  0.6411, -0.4916, -0.0112, -0.0355,
          0.5567, -0.0505, -0.5494, -0.1178],
        [ 0.8868, -0.2137,  0.1045,  0.1828,  0.4358,  0.0128,  0.4096,  0.7073,
          0.8046,  0.5707,  0.3192, -0.1786],
        [-0.6955,  0.3419, -0.4235,  0.0858, -0.1822, -0.1832, -0.5739,  0.0047,
          0.6189, -0.6109, -0.5576,  0.0113],
        [-0.3818,  0.7140, -0.4236,  0.5742, -0.3979, -0.4731, -0.4497, -0.2359,
          0.3444, -0.0640, -0.2780, -0.2728],
        [ 0.0610,  0.7058,  0.2477,  0.3021, -0.3013,  0.5176,  0.1499,  0.6070,
         -0.5204,  0.1455,  0.3162,  0.4071]])), 
         ('D.1.bias', tensor(
        [-0.2788,  0.5920,  0.0188, -0.1311, -0.0894, -0.1719,  0.3411, -0.1343,
        -0.1152, -0.0390])), 

        ('D.2.weight', tensor(
        [[-4.2251e-01,  3.3394e-01,  1.9934e-01, -3.7943e-01,  1.5723e-01,
          1.8164e-01,  8.6541e-02, -4.1793e-02, -3.8555e-01, -5.9045e-01],
        [ 3.4609e-01,  1.2309e-01,  5.4315e-01, -1.2887e+00, -5.3621e-01,
          1.8974e-01, -2.7035e-01, -4.8491e-01, -1.0856e-01,  1.6994e-01],
        [-5.1243e-02,  1.0801e+00,  1.4693e-01, -7.7482e-01,  3.3565e-01,
         -2.3447e+00,  5.9845e-01, -5.5338e-01, -8.1724e-01,  1.0659e-01],
        [-2.8741e-01,  3.9517e-01, -3.4233e-01, -1.0984e-01, -3.2550e-01,
         -5.2376e-02, -3.4507e-01,  3.5417e-01,  2.4200e-01, -1.1746e-01],
        [ 2.6333e-01, -6.0398e-02, -4.8239e-01,  4.0011e-01,  1.4354e-03,
          8.8807e-01,  3.4212e-01, -1.9119e-01,  1.0278e+00,  1.0896e+00],
        [ 2.4350e-01, -2.1311e-01,  1.3962e-01, -3.8367e-01, -4.8242e-03,
          3.6487e-02, -5.9382e-01, -4.8727e-01,  8.3320e-02,  8.3232e-01],
        [ 1.4441e-01, -1.2605e+00,  1.2696e+00,  4.3049e-01,  6.6253e-01,
          1.2524e+00, -6.1163e-02,  4.8973e-01,  1.0458e+00,  4.7312e-01]])), 
        ('D.2.bias', tensor(
        [-0.0033, -0.2589,  0.2209,  0.0000,  0.5436, -0.1409, -0.2630])), 

        ('D.3.weight', tensor(
        [[-0.1748,  0.9925,  0.6793,  0.2177,  0.4337,  0.5246, -0.4640],
        [-0.0767, -0.3087,  0.2569,  0.5491, -0.2315,  0.0802, -0.2557],
        [-0.2499, -0.3094, -0.7117, -0.4280,  0.6286, -0.9457,  1.2602],
        [ 0.5266, -0.4376,  0.6265,  0.2805, -0.5458, -0.4235, -0.3951],
        [-0.0433,  1.2016,  1.1282,  0.7254, -0.5820,  0.9778,  0.4227]])), 
        ('D.3.bias', tensor(
        [ 0.2475, -0.0901, -0.1064, -0.1065,  0.0569])), 

        ('D.4.weight', tensor(
        [[ 0.3573,  0.0592, -0.9965,  0.0970,  0.1455],
        [-1.2035,  0.4836,  0.3194,  0.4122, -0.7528],
        [-0.6346,  0.2653, -0.3911,  0.6169, -0.1071],
        [-1.2587, -0.3751,  0.3153, -0.0067, -0.7141]])), 
        ('D.4.bias', tensor(
        [-0.1581, -0.0636,  0.0000, -0.0768])), 

        ('D.5.weight', tensor(
        [[-0.7378, -0.7721, -0.4063, -0.1350],
        [ 0.4755,  0.1945,  0.3102, -0.9775],
        [-0.3072,  1.9603, -0.0657,  2.2196]])), 
        ('D.5.bias', tensor([ 0.0000, -0.1729, -0.1586])), 

        ('D.6.weight', tensor(
        [[ 0.7330,  0.1174, -0.8536],
        [-0.3317,  0.2039,  3.1105]])), 
        ('D.6.bias', tensor([-0.0747, -0.1523])), 

        ('D.7.weight', tensor(
        [[ 0.1441, -3.2241],
        [ 0.6884,  3.0646]])), 
        ('D.7.bias', tensor([ 2.6630, -2.6631]))])